INDEX 18 nonnulii 1111871111.

,6611 unientis 911. 18

,1161611661 interpres 1161616476. 19
,6116661611 Grammaticus 419. 9
11161981. 18

1161161646. 9. 966. 6. 9786

sinus 1116116988. 9

xxiii

Canninmire Canius 1667. 4

Comen antiquum 969. 6

Comen Augurnle 868. 1. 888. 6
Carmen Cn. 6161111 vatis 474. 8
emen Nelei 99176 151 we· 5· 9111111

979. 1

,11161066116478.8.811.11. 889( 8. 06616681161111664 89916. 666.

768. 8. 878. l· 898. 1
16 11616 1166611111111488. 7

9. 676. 8. 688. 1. 697. 9. 896. 19.
868. 9. 868. 1. 888. 6. 911. 11

teins Philologus 486. 8. 668. 11. 967. Cain, M. Porcius 68. 19. 61. 8. 99. 9.

6. 988. 7. 996. 6
in 6616816111116161661618.19
1611661 1611661 897. 19
tta in . . . 676. 6
11161 qui 11 Accius 896. 8. 768. 8.
766. 19. 887. 9. 966. 8. 999. 1
16 Am 61116666 799. 18. 864. 18
16 An 161666 969. 19
16 Bacchis 647. 9. 961. 7
16 Chrysippo 771. 16. 984.4
16 Diomede 484. 8
16 Η61661661494. 1. 844. 6
16 16 979. 9
16 Μ66111666 494. 4. 848. 4. 799. 6.
16 Neoptolemo 719. 4. 966. 8. 976. 6
16 (11661666 499. 99
16 Philocteta 976. 9
16 Ρ11161611978. 4
annalium 11111. 414. 11
61611161 997. 9 ·
figurales libri 559. ³· 7881 11 8231 91

C.

6111161169. 8. 66417. 71914. 866.
7. 949. 8. 996. 8

16 1111666666699Ᾰ4

16 [1186661499. 96. 8697

16 1161666111661666999. 19

16 Androgyno 949. 8

16 Andronico 964. 4

16 8111166746. 18. suot

16 Dnvo 644. 8

16 e 1111616996. 9

16 6166 981. 17

16 llyrnnide 481. 9. 818. 19. 846. 8

1611 6666116166 794. 6. 964. 8. 9899

16 llypobolimaeo 86616111616494. 8

16 obolostate 869. 4

in pugile 481. 6 ·

in Triumpho 99919

usar (C.) 16 commentariis 669. 9

188. 4. 168. 8. 176. 1. 989. 8. 984.
14. 978. 8. 978. 9. 989. 8. 866. 6.
871. 8. 16. 876. 16. 418. 4. 418. 9.
49819. 489. 7. 488. 11. 467. 4.
474.19. 694. 4. 68818. 689. 8.
897. 1. 89814. 848. 14. 849. 7.
886. 8. 677. 99. 798. 7. 998. 8. 949.
14. 1699. 8. 1669. 96. 1967. 8. 9.
1614. 8. 1616. 4. 1918. 4. 1617.8
..1...11111166661166661611176

’ ...6166166611 11

666111 Oppium 699. 6

111 magistratibus vitio orestis 476. 1

de feneratione legis Juniis 669. 18

116 potestate 1116661116 476. 18

de re A. 1111118864

de 1661111611 figerentur nisi 666 ds
hostibus 16616 611661 767. 9

16 commentarii· Juris civilis 499. 16

16 consulatu 466. 9

16 dissertatione 166161111117989

16 4616646686 legem 666 postes 16-
6616611674. 1

16 dissuasione de rege Attalo 11 de
vectigalibus 11116 818. 16

16 es adversus x. homines 478. 1

16 es 666 1111666116 Cornelium 66611
populumne. 16

16 1661116 est de conjuntions 698. 9

16 eu 661 legens Orchiam dissuadet

. 67819

16 es 611116 616611 apud equites 6996

. 16 se 66116 habuitne quis consul 611

tieret 966. 8

16 su 66616 scripsit.. · . 689. 7. 9. 478. ι

1611611111 111161116111111 plebis 16·
1161661161 esse 864. 8

981191191111111989
16 66661616116111 cum 6161166616·
16ἐ11ἔ661191611 :griffi 8169911666, &o

didius, 16 01611666 16 Q. Caecilium 16166616166611116 Μ. Coelinm 11

6111111611661111811611 qui res gestes
16611116111777. 16

se appellenisset 468. uo 649. 17.
in 8618611116 scripsit de suis 1111611661

 

