xm

mmmmmamu
umhn
namu

M.

8110111οι 881. 8

81110101 valea 489. 7

1111111111 1998. 4
101001,1.1..ιιι.10111.101.11

111 explanatione auguriorum 898. 9
10 explanatione duodecim 1180101010

8888 89918. 817.18. 9898
10 111110 de 811111 involute 817. 18

N.

munz

Ρ.

Pacuvius 884. 7. 8888. ³³³. 8. 891.

8. 49819. 818. 7. 8988. 887.
8. 799. 8. 788. 18. 897. 8. 818.
11898. 8. 979. 18. 8884. 999.
8. 19981

10 Antiopa 989. 8

10 8100007081010794.19.788.18.
787. 8. 981.7

10 Atalanta 888. 8. 1818. 11

10 Chryse 891. l

10 Duloreste 899. 8

10 Hermiona 784. 18. 981. 8

10 Iliona 889. 8. 758. 9. 1918. 19

10111180 5411. 888. 19. 984. 11.

10 Ν1711111 884. 19. 9999

10 Teucro 888. 11. 851018. 787. l.
781. 8. 894. 9. 981. 7

Panurgus Antoniou 48819
Ρ10101 Apostolus 198. 8

111111189- 9. 88. 4. 118. 8. 194. 8. Ρ11100888.8

178.11.1888988.9. 4991 plautum 7 77 6, 90,

889. 18. 878. 19. 884. 8. 887. 11.
8984. 8981. 198. 8. 798. 8. 898.
16. 818. 8. 888. 18. 911. 14. 918.
7. 988. 8. 874. 8. 9799
111 11111010 888. 14
0180710789 18
1111. 0107081811
1010111988. 4
ΠΙ...17.-11111111
in Terentius 49. 19
10 0110101801ΙίΡο11101794. 1
10 belli Punici libro 899. 8. 918. 7.
1110010111010111110, qni inscribitur de
Senatu habendo 847. 18
110ώο198418
10 8008111 dossenis 984. 8
10 Funere 964. ³
in Macchooo 481. 8
10 Phoenicia 888. 8
10 Pico 7989
10 80180 984.4

Ο.

- Opilius Aurelius 919. 8. 971. 9. 488.
8. 46814. 478. 16. 491. 1. 898. 19.

788. 7. 7881. 817. 1. 8181. 844.

8. 898. 19. 957. 1. 949. 1. 971. 8.

998. 9. 1997. 7
0701111887. 18
ovidius 891. 1

1.
..8
.8.
.8.
.d.²

884. 18. 2³³. 9. 8788,
896. 1. 898. 9. 818. 9. ³³³.ss-
881. 8. 888. ³. ³³³. 8. 8918.
488. 9. 441. 16. 48817. 488.
8. 469. l· 479. 8. 49911. 818. 8.
881. 7.16.18. 868. 4. 87718.
81818. 8888. om. 8881.
mamafflmma
788. 8. 788. 18. 788. 4. 802 ³·
884. 18. 886. 8. 891. 9. 89818.
mul. 9181. 92². 16. 98818.
94811. 944. 4. 9684. 978. 8.
8891818888. 1896. 7. llum

10 Artemone 487. 1. 794. 9. 9888

nmmme

1014011181 787. 4. 988. 18

in Aulularia 891. 8. 618. 18. 788.
8. 886. 4. 968. 18

10 Bacchidibus 489. 8. 487. 1

10008001111891.9

nffifflffiemamn ’

747. 1. 7881

in Cistellaria 1991. 9

10 Condalio 848. 7

10 Curculione 467. 4. 881. 19. 8741.
8- 8988. 887.18. 99818

10 Dyscolo 899. 9

10 Epidico 891. 9. 798. 18

10 Feneratrioa 998. 8

10 Friuolaria 488. 4. 798. 19. 888. 1.

 

