8111111111 166
81111144

Silus 147

sign· 146
8111111 147
81111111 164
81111111 surgere 116
Siliceuuium 1⁰2
Siluii 148

81111 146
Simplutliuueu 144
Siue 111111 66
Sinistra 1111 146
Sinistrum 167
8111111 116
811111 146
8111111111 147
8111111 161
sispitem 146
8111111 1111 167
8111111111 166
Sobrius 166
81111111 166
811111 166

811111 166
Solutum 166
Solutus 166
Solea 166
8111111111 114

8111111131 116
8111111111 161

81111166
Sollers 166
Sollicitare 167
8111111111 166
81111 168
Solum 166
8111111111 166
8111 166
8111111 161
Santicum 166

81111111 141
Spinther 141

111 tomum multu.

Spiutyuulu 146
Spin 146
spirillum 146
Spondere 117. 146

Spurcum 166
8111111111 168 ‘

811111111111111167
8111111111 144
Status 114
stelionem 111
Stellam 167
Stellatina 166
sultanum 166
Stercus 166
8111111111 166
8111111111 167
stipem 111111

8111111111 166
81111111 111
8111111 116
8111111111 lut
811111 116
811111 116
stratorum 161
81111111 116
8111111111 111
Stultorum 12⁸
Stuppum 186
sud 1111 167
Suum 116
81111111 116
Sub 111111 116
81161111 166
Sabaria 166
81111111 116
11111
Sublicium 161
8111111111 116
sublim 116
8111111111 161
8111111111 116
8111111111 116
8111111111 116
8111111111 ut
8111111111 116
8111111111 117
811 vinem 116
Sub 111111 116

 

